.000    6.000000    1.000000    1.000000
.010    6.000000    1.000000    1.000000
.020    6.000000    1.000000    1.000000
.030    6.000000    1.000000    1.000000
.040    6.000000    1.000000    1.000000
.050    6.000000    1.000000    1.000000
.060    6.000000    1.000000    1.000000
.070    6.000000    1.000000    1.000000
.080    6.000000    1.000002    1.000000
.090    6.000000    1.000233    1.000000
.100    6.000000    1.010992    1.000000
.110    6.000000    1.189448    1.000000
.120    6.000000    2.162585    1.000000
.130    6.000000    4.822319    1.000000
.140    6.000000    5.683781    1.000000
.150    6.000000    5.926053    1.000000
.160    6.000000    5.985442    1.000000
.170    6.000000    5.997519    1.000000
.180    6.000000    5.999624    1.000000
.190    6.000000    5.999949    1.000000
.200    6.000000    5.999993    1.000000
.210    6.000000    5.999999    1.000000
.220    6.000000    6.000000    1.000000
.230    6.000000    6.000000    1.000000
.240    6.000000    6.000000    1.000000
.250    6.000000    6.000000    1.000000
.260    6.000000    6.000000    1.000000
.270    6.000000    6.000000    1.000000
.280    6.000000    6.000000    1.000000
.290    6.000000    6.000000    1.000000
.300    6.000000    6.000000    1.000000
.310    6.000000    6.000000    1.000000
.320    6.000000    6.000000    1.000000
.330    6.000000    6.000000    1.000000
.340    6.000000    6.000000    1.000000
.350    6.000000    6.000000    1.000000
.360    6.000000    6.000000    1.000000
.370    6.000000    6.000000    1.000000
.380    6.000000    6.000000    1.000000
.390    6.000000    6.000000    1.000000
.400    6.000000    6.000000    1.000002
.410    6.000000    6.000000    1.000031
.420    6.000000    6.000000    1.000459
.430    6.000000    6.000000    1.005583
.440    6.000000    6.000000    1.050698
.450    6.000000    6.000000    1.271156
.460    6.000000    6.000000    1.784625
.470    6.000000    6.000000    2.467735
.480    6.000000    6.000000    3.179806
.490    6.000000    6.000000    3.910495
.500    6.000000    6.000000    4.567866
.510    6.000000    6.000000    5.121591
.520    6.000000    6.000000    5.521649
.530    6.000000    6.000000    5.769059
.540    6.000000    6.000000    5.900845
.550    6.000000    6.000000    5.961883
.560    6.000000    6.000000    5.986765
.570    6.000000    6.000000    5.995810
.580    6.000000    6.000000    5.998779
.590    6.000000    6.000000    5.999670
.600    6.000000    6.000000    5.999917
.610    6.000000    6.000000    5.999980
.620    6.000000    6.000000    5.999996
.630    6.000000    6.000000    5.999999
.640    6.000000    6.000000    6.000000
.650    6.000000    6.000000    6.000000
.660    6.000000    6.000000    6.000000
.670    6.000000    6.000000    6.000000
.680    6.000000    6.000000    6.000000
.690    6.000000    6.000000    6.000000
.700    6.000000    6.000000    6.000000
.710    6.000000    6.000000    6.000000
.720    6.000000    6.000000    6.000000
.730    6.000000    6.000000    6.000000
.740    6.000000    6.000000    6.000000
.750    6.000000    6.000000    6.000000
.760    6.000000    6.000000    6.000000
.770    6.000000    6.000000    6.000000
.780    6.000000    6.000000    6.000000
.790    6.000000    6.000000    6.000000
.800    6.000000    6.000000    6.000000
.810    6.000000    6.000000    6.000000
.820    6.000000    6.000000    6.000000
.830    6.000000    6.000000    6.000000
.840    6.000000    6.000000    6.000000
.850    6.000000    6.000000    6.000000
.860    6.000000    6.000000    6.000000
.870    6.000000    6.000000    6.000000
.880    6.000000    6.000000    6.000000
.890    6.000000    6.000000    6.000000
.900    6.000000    6.000000    6.000000
.910    6.000000    6.000000    6.000000
.920    6.000000    6.000000    6.000000
.930    6.000000    6.000000    6.000000
.940    6.000000    6.000000    6.000000
.950    6.000000    6.000000    6.000000
.960    6.000000    6.000000    6.000000
.970    6.000000    6.000000    6.000000
.980    6.000000    6.000000    6.000000
.990    6.000000    6.000000    6.000000
1.000    6.000000    6.000000    6.000000
1.010    6.000000    6.000000    6.000000
1.020    6.000000    6.000000    6.000000
1.030    6.000000    6.000000    6.000000
1.040    6.000000    6.000000    6.000000
1.050    6.000000    6.000000    6.000000
1.060    6.000000    6.000000    6.000000
1.070    6.000000    6.000000    6.000000
1.080    6.000000    6.000000    6.000000
1.090    6.000000    6.000000    6.000000
1.100    6.000000    6.000000    6.000000
1.110    6.000000    6.000000    6.000000
1.120    6.000000    6.000000    6.000000
1.130    6.000000    6.000000    6.000000
1.140    6.000000    6.000000    6.000000
1.150    6.000000    6.000000    6.000000
1.160    6.000000    6.000000    6.000000
1.170    6.000000    6.000000    6.000000
1.180    6.000000    6.000000    6.000000
1.190    6.000000    6.000000    6.000000
1.200    6.000000    6.000000    6.000000
1.210    6.000000    6.000000    6.000000
1.220    6.000000    6.000000    6.000000
1.230    6.000000    6.000000    6.000000
1.240    6.000000    6.000000    6.000000
1.250    6.000000    6.000000    6.000000
1.260    6.000000    6.000000    6.000000
1.270    6.000000    6.000000    6.000000
1.280    6.000000    6.000000    6.000000
1.290    6.000000    6.000000    6.000000
1.300    6.000000    6.000000    6.000000
1.310    6.000000    6.000000    6.000000
1.320    6.000000    6.000000    6.000000
1.330    6.000000    6.000000    6.000000
1.340    6.000000    6.000000    6.000000
1.350    6.000000    6.000000    6.000000
1.360    6.000000    6.000000    6.000000
1.370    6.000000    6.000000    6.000000
1.380    6.000000    6.000000    6.000000
1.390    6.000000    6.000000    6.000000
1.400    6.000000    6.000000    6.000000
1.410    6.000000    6.000000    6.000000
1.420    6.000000    6.000000    6.000000
1.430    6.000000    6.000000    6.000000
1.440    6.000000    6.000000    6.000000
1.450    6.000000    6.000000    6.000000
1.460    6.000000    6.000000    6.000000
1.470    6.000000    6.000000    6.000000
1.480    6.000000    6.000000    6.000000
1.490    6.000000    6.000000    6.000000
1.500    6.000000    6.000000    6.000000
1.510    6.000000    6.000000    6.000000
1.520    6.000000    6.000000    6.000000
1.530    6.000000    6.000000    6.000000
1.540    6.000000    6.000000    6.000000
1.550    6.000000    6.000000    6.000000
1.560    6.000000    6.000000    6.000000
1.570    6.000000    6.000000    6.000000
1.580    6.000000    6.000000    6.000000
1.590    6.000000    6.000000    6.000000
1.600    6.000000    6.000000    6.000000
1.610    6.000000    6.000000    6.000000
1.620    6.000000    6.000000    6.000000
1.630    6.000000    6.000000    6.000000
1.640    6.000000    6.000000    6.000000
1.650    6.000000    6.000000    6.000000
1.660    6.000000    6.000000    6.000000
1.670    6.000000    6.000000    6.000000
1.680    6.000000    6.000000    6.000000
1.690    6.000000    6.000000    6.000000
1.700    6.000000    6.000000    6.000000
1.710    6.000000    6.000000    6.000000
1.720    6.000000    6.000000    6.000000
1.730    6.000000    6.000000    6.000000
1.740    6.000000    6.000000    6.000000
1.750    6.000000    6.000000    6.000000
1.760    6.000000    6.000000    6.000000
1.770    6.000000    6.000000    6.000000
1.780    6.000000    6.000000    6.000000
1.790    6.000000    6.000000    6.000000
1.800    6.000000    6.000000    6.000000
1.810    6.000000    6.000000    6.000000
1.820    6.000000    6.000000    6.000000
1.830    6.000000    6.000000    6.000000
1.840    6.000000    6.000000    6.000000
1.850    6.000000    6.000000    6.000000
1.860    6.000000    6.000000    6.000000
1.870    6.000000    6.000000    6.000000
1.880    6.000000    6.000000    6.000000
1.890    6.000000    6.000000    6.000000
1.900    6.000000    6.000000    6.000000
1.910    6.000000    6.000000    6.000000
1.920    6.000000    6.000000    6.000000
1.930    6.000000    6.000000    6.000000
1.940    6.000000    6.000000    6.000000
1.950    6.000000    6.000000    6.000000
1.960    6.000000    6.000000    6.000000
1.970    6.000000    6.000000    6.000000
1.980    6.000000    6.000000    6.000000
1.990    6.000000    6.000000    6.000000
2.000    6.000000    6.000000    6.000000
2.010    6.000000    6.000000    6.000000
2.020    6.000000    6.000000    6.000000
2.030    6.000000    6.000000    6.000000
2.040    6.000000    6.000000    6.000000
2.050    6.000000    6.000000    6.000000
2.060    6.000000    6.000000    6.000000
2.070    6.000000    6.000000    6.000000
2.080    6.000000    6.000000    6.000000
2.090    6.000000    6.000000    6.000000
2.100    6.000000    6.000000    6.000000
2.110    6.000000    6.000000    6.000000
2.120    6.000000    6.000000    6.000000
2.130    6.000000    6.000000    6.000000
2.140    6.000000    6.000000    6.000000
2.150    6.000000    6.000000    6.000000
2.160    6.000000    6.000000    6.000000
2.170    6.000000    6.000000    6.000000
2.180    6.000000    6.000000    6.000000
2.190    6.000000    6.000000    6.000000
2.200    6.000000    6.000000    6.000000
2.210    6.000000    6.000000    6.000000
2.220    6.000000    6.000000    6.000000
2.230    6.000000    6.000000    6.000000
2.240    6.000000    6.000000    6.000000
2.250    6.000000    6.000000    6.000000
2.260    6.000000    6.000000    6.000000
2.270    6.000000    6.000000    6.000000
2.280    6.000000    6.000000    6.000000
2.290    6.000000    6.000000    6.000000
2.300    6.000000    6.000000    6.000000
2.310    6.000000    6.000000    6.000000
2.320    6.000000    6.000000    6.000000
2.330    6.000000    6.000000    6.000000
2.340    6.000000    6.000000    6.000000
2.350    6.000000    6.000000    6.000000
2.360    6.000000    6.000000    6.000000
2.370    6.000000    6.000000    6.000000
2.380    6.000000    6.000000    6.000000
2.390    6.000000    6.000000    6.000000
2.400    6.000000    6.000000    6.000000
2.410    6.000000    6.000000    6.000000
2.420    6.000000    6.000000    6.000000
2.430    6.000000    6.000000    6.000000
2.440    6.000000    6.000000    6.000000
2.450    6.000000    6.000000    6.000000
2.460    6.000000    6.000000    6.000000
2.470    6.000000    6.000000    6.000000
2.480    6.000000    6.000000    6.000000
2.490    6.000000    6.000000    6.000000
2.500    6.000000    6.000000    6.000000
2.510    6.000000    6.000000    6.000000
2.520    6.000000    6.000000    6.000000
2.530    6.000000    6.000000    6.000000
2.540    6.000000    6.000000    6.000000
2.550    6.000000    6.000000    6.000000
2.560    6.000000    6.000000    6.000000
2.570    6.000000    6.000000    6.000000
2.580    6.000000    6.000000    6.000000
2.590    6.000000    6.000000    6.000000
2.600    6.000000    6.000000    6.000000
2.610    6.000000    6.000000    6.000000
2.620    6.000000    6.000000    6.000000
2.630    6.000000    6.000000    6.000000
2.640    6.000000    6.000000    6.000000
2.650    6.000000    6.000000    6.000000
2.660    6.000000    6.000000    6.000000
2.670    6.000000    6.000000    6.000000
2.680    6.000000    6.000000    6.000000
2.690    6.000000    6.000000    6.000000
2.700    6.000000    6.000000    6.000000
2.710    6.000000    6.000000    6.000000
2.720    6.000000    6.000000    6.000000
2.730    6.000000    6.000000    6.000000
2.740    6.000000    6.000000    6.000000
2.750    6.000000    6.000000    6.000000
2.760    6.000000    6.000000    6.000000
2.770    6.000000    6.000000    6.000000
2.780    6.000000    6.000000    6.000000
2.790    6.000000    6.000000    6.000000
2.800    6.000000    6.000000    6.000000
2.810    6.000000    6.000000    6.000000
2.820    6.000000    6.000000    6.000000
2.830    6.000000    6.000000    6.000000
2.840    6.000000    6.000000    6.000000
2.850    6.000000    6.000000    6.000000
2.860    6.000000    6.000000    6.000000
2.870    6.000000    6.000000    6.000000
2.880    6.000000    6.000000    6.000000
2.890    6.000000    6.000000    6.000000
2.900    6.000000    6.000000    6.000000
2.910    6.000000    6.000000    6.000000
2.920    6.000000    6.000000    6.000000
2.930    6.000000    6.000000    6.000000
2.940    6.000000    6.000000    6.000000
2.950    6.000000    6.000000    6.000000
2.960    6.000000    6.000000    6.000000
2.970    6.000000    6.000000    6.000000
2.980    6.000000    6.000000    6.000000
2.990    6.000000    6.000000    6.000000
3.000    6.000000    6.000000    6.000000
3.010    6.000000    6.000000    6.000000
3.020    6.000000    6.000000    6.000000
3.030    6.000000    6.000000    6.000000
3.040    6.000000    6.000000    6.000000
3.050    6.000000    6.000000    6.000000
3.060    6.000000    6.000000    6.000000
3.070    6.000000    6.000000    6.000000
3.080    6.000000    6.000000    6.000000
3.090    6.000000    6.000000    6.000000
3.100    6.000000    6.000000    6.000000
3.110    6.000000    6.000000    6.000000
3.120    6.000000    6.000000    6.000000
3.130    6.000000    6.000000    6.000000
3.140    6.000000    6.000000    6.000000
3.150    6.000000    6.000000    6.000000
3.160    6.000000    6.000000    6.000000
3.170    6.000000    6.000000    6.000000
3.180    6.000000    6.000000    6.000000
3.190    6.000000    6.000000    6.000000
3.200    6.000000    6.000000    6.000000
3.210    6.000000    6.000000    6.000000
3.220    6.000000    6.000000    6.000000
3.230    6.000000    6.000000    6.000000
3.240    6.000000    6.000000    6.000000
3.250    6.000000    6.000000    6.000000
3.260    6.000000    6.000000    6.000000
3.270    6.000000    6.000000    6.000000
3.280    6.000000    6.000000    6.000000
3.290    6.000000    6.000000    6.000000
3.300    6.000000    6.000000    6.000000
3.310    6.000000    6.000000    6.000000
3.320    6.000000    6.000000    6.000000
3.330    6.000000    6.000000    6.000000
3.340    6.000000    6.000000    6.000000
3.350    6.000000    6.000000    6.000000
3.360    6.000000    6.000000    6.000000
3.370    6.000000    6.000000    6.000000
3.380    6.000000    6.000000    6.000000
3.390    6.000000    6.000000    6.000000
3.400    6.000000    6.000000    6.000000
3.410    6.000000    6.000000    6.000000
3.420    6.000000    6.000000    6.000000
3.430    6.000000    6.000000    6.000000
3.440    6.000000    6.000000    6.000000
3.450    6.000000    6.000000    6.000000
3.460    6.000000    6.000000    6.000000
3.470    6.000000    6.000000    6.000000
3.480    6.000000    6.000000    6.000000
3.490    6.000000    6.000000    6.000000
3.500    6.000000    6.000000    6.000000
3.510    6.000000    6.000000    6.000000
3.520    6.000000    6.000000    6.000000
3.530    6.000000    6.000000    6.000000
3.540    6.000000    6.000000    6.000000
3.550    6.000000    6.000000    6.000000
3.560    6.000000    6.000000    6.000000
3.570    6.000000    6.000000    6.000000
3.580    6.000000    6.000000    6.000000
3.590    6.000000    6.000000    6.000000
3.600    6.000000    6.000000    6.000000
3.610    6.000000    6.000000    6.000000
3.620    6.000000    6.000000    6.000000
3.630    6.000000    6.000000    6.000000
3.640    6.000000    6.000000    6.000000
3.650    6.000000    6.000000    6.000000
3.660    6.000000    6.000000    6.000000
3.670    6.000000    6.000000    6.000000
3.680    6.000000    6.000000    6.000000
3.690    6.000000    6.000000    6.000000
3.700    6.000000    6.000000    6.000000
3.710    6.000000    6.000000    6.000000
3.720    6.000000    6.000000    6.000000
3.730    6.000000    6.000000    6.000000
3.740    6.000000    6.000000    6.000000
3.750    6.000000    6.000000    6.000000
3.760    6.000000    6.000000    6.000000
3.770    6.000000    6.000000    6.000000
3.780    6.000000    6.000000    6.000000
3.790    6.000000    6.000000    6.000000
3.800    6.000000    6.000000    6.000000
3.810    6.000000    6.000000    6.000000
3.820    6.000000    6.000000    6.000000
3.830    6.000000    6.000000    6.000000
3.840    6.000000    6.000000    6.000000
3.850    6.000000    6.000000    6.000000
3.860    6.000000    6.000000    6.000000
3.870    6.000000    6.000000    6.000000
3.880    6.000000    6.000000    6.000000
3.890    6.000000    6.000000    6.000000
3.900    6.000000    6.000000    6.000000
3.910    6.000000    6.000000    6.000000
3.920    6.000000    6.000000    6.000000
3.930    6.000000    6.000000    6.000000
3.940    6.000000    6.000000    6.000000
3.950    6.000000    6.000000    6.000000
3.960    6.000000    6.000000    6.000000
3.970    6.000000    6.000000    6.000000
3.980    6.000000    6.000000    6.000000
3.990    6.000000    6.000000    6.000000
4.000    6.000000    6.000000    6.000000
4.010    6.000000    6.000000    6.000000
4.020    6.000000    6.000000    6.000000
4.030    6.000000    6.000000    6.000000
4.040    6.000000    6.000000    6.000000
4.050    6.000000    6.000000    6.000000
4.060    6.000000    6.000000    6.000000
4.070    6.000000    6.000000    6.000000
4.080    6.000000    6.000000    6.000000
4.090    6.000000    6.000000    6.000000
4.100    6.000000    6.000000    6.000000
4.110    6.000000    6.000000    6.000000
4.120    6.000000    6.000000    6.000000
4.130    6.000000    6.000000    6.000000
4.140    6.000000    6.000000    6.000000
4.150    6.000000    6.000000    6.000000
4.160    6.000000    6.000000    6.000000
4.170    6.000000    6.000000    6.000000
4.180    6.000000    6.000000    6.000000
4.190    6.000000    6.000000    6.000000
4.200    6.000000    6.000000    6.000000
4.210    6.000000    6.000000    6.000000
4.220    6.000000    6.000000    6.000000
4.230    6.000000    6.000000    6.000000
4.240    6.000000    6.000000    6.000000
4.250    6.000000    6.000000    6.000000
4.260    6.000000    6.000000    6.000000
4.270    6.000000    6.000000    6.000000
4.280    6.000000    6.000000    6.000000
4.290    6.000000    6.000000    6.000000
4.300    6.000000    6.000000    6.000000
4.310    6.000000    6.000000    6.000000
4.320    6.000000    6.000000    6.000000
4.330    6.000000    6.000000    6.000000
4.340    6.000000    6.000000    6.000000
4.350    6.000000    6.000000    6.000000
4.360    6.000000    6.000000    6.000000
4.370    6.000000    6.000000    6.000000
4.380    6.000000    6.000000    6.000000
4.390    6.000000    6.000000    6.000000
4.400    6.000000    6.000000    6.000000
4.410    6.000000    6.000000    6.000000
4.420    6.000000    6.000000    6.000000
4.430    6.000000    6.000000    6.000000
4.440    6.000000    6.000000    6.000000
4.450    6.000000    6.000000    6.000000
4.460    6.000000    6.000000    6.000000
4.470    6.000000    6.000000    6.000000
4.480    6.000000    6.000000    6.000000
4.490    6.000000    6.000000    6.000000
4.500    6.000000    6.000000    6.000000
4.510    6.000000    6.000000    6.000000
4.520    6.000000    6.000000    6.000000
4.530    6.000000    6.000000    6.000000
4.540    6.000000    6.000000    6.000000
4.550    6.000000    6.000000    6.000000
4.560    6.000000    6.000000    6.000000
4.570    6.000000    6.000000    6.000000
4.580    6.000000    6.000000    6.000000
4.590    6.000000    6.000000    6.000000
4.600    6.000000    6.000000    6.000000
4.610    6.000000    6.000000    6.000000
4.620    6.000000    6.000000    6.000000
4.630    6.000000    6.000000    6.000000
4.640    6.000000    6.000000    6.000000
4.650    6.000000    6.000000    6.000000
4.660    6.000000    6.000000    6.000000
4.670    6.000000    6.000000    6.000000
4.680    6.000000    6.000000    6.000000
4.690    6.000000    6.000000    6.000000
4.700    6.000000    6.000000    6.000000
4.710    6.000000    6.000000    6.000000
4.720    6.000000    6.000000    6.000000
4.730    6.000000    6.000000    6.000000
4.740    6.000000    6.000000    6.000000
4.750    6.000000    6.000000    6.000000
4.760    6.000000    6.000000    6.000000
4.770    6.000000    6.000000    6.000000
4.780    6.000000    6.000000    6.000000
4.790    6.000000    6.000000    6.000000
4.800    6.000000    6.000000    6.000000
4.810    6.000000    6.000000    6.000000
4.820    6.000000    6.000000    6.000000
4.830    6.000000    6.000000    6.000000
4.840    6.000000    6.000000    6.000000
4.850    6.000000    6.000000    6.000000
4.860    6.000000    6.000000    6.000000
4.870    6.000000    6.000000    6.000000
4.880    6.000000    6.000000    6.000000
4.890    6.000000    6.000000    6.000000
4.900    6.000000    6.000000    6.000000
4.910    6.000000    6.000000    6.000000
4.920    6.000000    6.000000    6.000000
4.930    6.000000    6.000000    6.000000
4.940    6.000000    6.000000    6.000000
4.950    6.000000    6.000000    6.000000
4.960    6.000000    6.000000    6.000000
4.970    6.000000    6.000000    6.000000
4.980    6.000000    6.000000    6.000000
4.990    6.000000    6.000000    6.000000
5.000    6.000000    6.000000    6.000000
